#Coma separated list of x and y initial values
x=0.0,0.1,0.3,0.4,0.6,0.7,0.9
y=2.0,1.95533,1.62160,1.36235,0.77279,0.49515,0.09592
